question_ID,worker_ID,answer
0,0,1
0,0,1
0,0,1
0,1,0
0,2,0
0,3,1
0,4,1
0,5,0
0,6,0
0,7,0
0,8,1
0,9,0
0,10,0
0,12,0
0,13,0
0,14,0
0,15,0
0,16,1
0,17,0
0,18,1
0,19,0
0,20,0
0,21,1
0,22,0
0,23,0
0,24,0
0,25,0
0,26,0
0,27,0
0,28,0
0,29,1
0,30,0
0,31,0
0,32,0
0,33,0
0,34,0
0,35,0
0,36,1
0,37,0
0,38,0
0,0,0
0,5,0
0,7,0
0,12,0
0,13,0
0,14,0
0,19,0
0,23,0
0,28,0
0,34,0
1,0,0
1,0,0
1,0,0
1,1,0
1,2,0
1,3,0
1,4,0
1,5,1
1,6,0
1,7,0
1,8,1
1,9,0
1,10,0
1,11,0
1,12,0
1,13,0
1,14,0
1,15,1
1,16,0
1,17,0
1,18,0
1,19,0
1,20,0
1,21,1
1,22,1
1,23,0
1,24,0
1,25,0
1,26,0
1,27,0
1,28,0
1,29,0
1,30,0
1,31,0
1,32,0
1,33,0
1,34,0
1,35,0
1,36,1
1,37,0
1,38,0
1,12,0
2,0,1
2,0,1
2,0,1
2,1,0
2,2,0
2,3,0
2,4,0
2,5,1
2,6,0
2,7,0
2,8,0
2,9,0
2,10,0
2,11,0
2,13,0
2,14,0
2,15,0
2,16,0
2,17,0
2,18,0
2,19,0
2,20,0
2,21,1
2,22,0
2,23,0
2,24,0
2,25,0
2,26,1
2,27,1
2,28,1
2,29,0
2,30,0
2,31,0
2,32,0
2,33,0
2,34,1
2,35,0
2,36,1
2,37,0
2,38,0
2,2,0
2,12,0
2,18,0
2,23,0
2,24,0
2,26,0
2,31,0
2,34,0
2,37,0
2,38,0
3,0,1
3,0,1
3,0,1
3,1,0
3,2,0
3,3,1
3,4,1
3,5,1
3,7,0
3,8,1
3,9,0
3,10,0
3,11,0
3,12,0
3,13,0
3,14,0
3,15,1
3,16,0
3,17,0
3,18,0
3,19,0
3,20,0
3,21,1
3,22,0
3,23,0
3,24,0
3,25,0
3,26,0
3,27,0
3,28,0
3,29,1
3,30,0
3,31,0
3,32,0
3,33,0
3,34,0
3,35,0
3,36,1
3,37,0
3,38,0
4,0,1
4,0,1
4,0,1
4,1,1
4,2,0
4,3,1
4,4,0
4,5,0
4,6,0
4,7,0
4,8,1
4,9,0
4,10,0
4,11,0
4,12,0
4,13,0
4,14,0
4,15,0
4,16,0
4,17,0
4,18,0
4,19,0
4,20,0
4,21,1
4,22,0
4,23,0
4,24,0
4,25,0
4,26,0
4,27,0
4,28,0
4,29,0
4,30,0
4,31,0
4,32,0
4,34,0
4,35,0
4,36,1
4,37,0
4,38,0
4,0,1
4,1,0
4,4,0
4,5,0
4,7,0
4,12,0
4,13,0
4,15,0
4,19,0
4,21,1
4,23,0
4,31,0
4,32,0
4,34,0
4,37,0
4,38,0
5,0,1
5,0,1
5,0,1
5,1,0
5,2,0
5,3,1
5,4,0
5,5,1
5,6,1
5,7,0
5,8,1
5,9,0
5,10,0
5,11,0
5,12,0
5,13,0
5,14,0
5,15,1
5,16,1
5,17,0
5,18,0
5,19,1
5,20,0
5,21,1
5,22,0
5,23,0
5,24,0
5,25,0
5,26,0
5,27,0
5,28,0
5,29,1
5,30,0
5,31,0
5,32,0
5,33,0
5,34,0
5,35,1
5,36,1
5,37,0
5,38,0
6,0,1
6,0,1
6,0,1
6,1,0
6,2,0
6,3,1
6,4,1
6,5,0
6,6,1
6,8,1
6,9,0
6,10,0
6,11,0
6,12,0
6,13,0
6,14,0
6,15,1
6,16,0
6,17,0
6,18,0
6,19,0
6,20,0
6,21,1
6,22,1
6,23,0
6,24,0
6,25,0
6,26,0
6,27,0
6,28,0
6,29,1
6,30,0
6,31,0
6,32,1
6,33,0
6,34,0
6,35,1
6,36,1
6,37,0
6,38,0
6,3,1
6,20,0
7,0,1
7,0,1
7,0,1
7,1,1
7,2,0
7,3,0
7,4,0
7,5,0
7,6,0
7,7,0
7,8,1
7,9,0
7,10,0
7,11,0
7,12,1
7,13,0
7,14,0
7,15,0
7,16,0
7,17,1
7,18,0
7,19,0
7,20,0
7,21,1
7,22,0
7,23,0
7,24,0
7,25,0
7,26,0
7,27,0
7,28,0
7,29,0
7,30,0
7,31,0
7,32,0
7,33,0
7,34,0
7,35,0
7,36,1
7,37,0
7,38,0
8,0,1
8,0,1
8,0,1
8,1,1
8,2,0
8,4,1
8,5,0
8,6,0
8,7,0
8,8,1
8,9,0
8,10,0
8,11,0
8,12,0
8,13,0
8,14,0
8,15,0
8,16,1
8,17,0
8,18,1
8,19,0
8,21,1
8,22,0
8,23,0
8,24,0
8,25,0
8,26,0
8,27,0
8,28,0
8,29,1
8,30,0
8,31,0
8,32,0
8,33,0
8,34,0
8,35,0
8,36,1
8,37,0
8,38,0
8,32,0
9,0,1
9,0,1
9,1,1
9,2,0
9,3,1
9,4,1
9,5,0
9,6,0
9,7,0
9,8,1
9,9,0
9,10,1
9,11,0
9,12,0
9,13,0
9,14,0
9,15,0
9,16,0
9,17,0
9,18,1
9,19,0
9,20,0
9,21,1
9,22,0
9,23,0
9,24,0
9,25,0
9,26,1
9,27,0
9,29,1
9,30,0
9,31,0
9,32,0
9,33,0
9,34,0
9,35,0
9,36,1
9,37,0
9,38,0
9,5,0
9,9,0
9,12,0
9,13,0
9,18,0
9,19,0
9,23,0
9,24,0
9,26,0
9,27,0
9,28,0
9,31,0
9,33,0
9,34,0
9,36,1
9,37,0
10,0,1
10,0,1
10,0,1
10,1,0
10,2,0
10,3,1
10,4,1
10,5,0
10,6,1
10,7,0
10,8,1
10,9,0
10,10,0
10,11,0
10,12,0
10,13,0
10,14,0
10,15,0
10,16,0
10,17,0
10,18,0
10,19,0
10,20,0
10,22,0
10,23,0
10,24,0
10,25,0
10,26,0
10,27,0
10,28,0
10,29,0
10,30,0
10,31,0
10,32,0
10,33,0
10,34,0
10,35,0
10,37,0
10,38,0
11,0,1
11,0,1
11,0,1
11,1,1
11,2,0
11,3,1
11,4,1
11,5,0
11,6,0
11,7,0
11,8,1
11,9,0
11,10,0
11,11,0
11,12,0
11,13,0
11,14,0
11,15,0
11,16,1
11,17,0
11,18,0
11,19,0
11,20,0
11,21,1
11,22,0
11,23,0
11,24,0
11,25,0
11,26,0
11,27,0
11,28,0
11,29,1
11,30,0
11,31,0
11,32,0
11,33,0
11,34,0
11,35,0
11,36,1
11,37,0
11,38,0
11,0,1
11,2,0
11,4,0
11,7,0
11,9,0
11,14,0
11,15,0
11,16,0
11,20,0
11,21,1
11,23,0
11,29,0
11,36,0
12,0,1
12,0,1
12,0,1
12,1,0
12,2,0
12,3,0
12,4,0
12,5,0
12,6,0
12,7,0
12,8,1
12,9,0
12,10,1
12,11,0
12,12,0
12,13,0
12,14,0
12,15,0
12,16,1
12,17,0
12,18,1
12,19,0
12,20,0
12,21,1
12,22,1
12,23,0
12,24,0
12,25,0
12,27,0
12,28,0
12,29,0
12,30,0
12,31,0
12,32,0
12,33,0
12,34,0
12,35,0
12,36,1
12,37,0
12,38,0
13,0,1
13,0,1
13,0,1
13,1,1
13,2,0
13,3,1
13,4,1
13,5,1
13,6,1
13,7,0
13,8,1
13,9,0
13,10,0
13,11,0
13,12,0
13,13,0
13,14,0
13,15,0
13,16,0
13,17,0
13,18,1
13,19,0
13,20,0
13,21,1
13,22,1
13,23,1
13,24,0
13,25,0
13,26,1
13,27,0
13,28,1
13,29,1
13,30,0
13,31,0
13,32,0
13,33,0
13,34,1
13,35,0
13,36,1
13,37,0
13,38,0
14,0,1
14,0,1
14,0,1
14,1,1
14,2,1
14,4,1
14,5,1
14,6,1
14,8,1
14,10,1
14,11,1
14,13,1
14,15,1
14,17,1
14,19,1
14,20,1
14,21,0
14,25,1
14,27,1
14,29,1
14,30,1
14,34,1
14,35,1
14,36,1
14,1,1
14,3,1
14,4,1
14,7,1
14,8,1
14,10,1
14,13,1
14,14,1
14,15,1
14,17,1
14,23,1
14,25,1
14,27,1
14,28,1
14,29,1
14,34,1
14,35,1
14,36,1
15,0,1
15,0,1
15,0,1
15,1,1
15,2,0
15,3,1
15,4,0
15,5,1
15,6,0
15,7,1
15,8,1
15,9,0
15,10,0
15,11,0
15,12,0
15,13,0
15,14,0
15,15,1
15,17,0
15,18,0
15,19,0
15,20,0
15,21,0
15,22,0
15,23,0
15,24,0
15,25,0
15,26,0
15,27,0
15,28,0
15,30,0
15,31,0
15,32,0
15,33,0
15,34,0
15,35,0
15,36,1
15,37,0
15,38,0
15,26,0
16,0,1
16,0,1
16,0,1
16,2,0
16,4,1
16,5,0
16,6,1
16,7,1
16,8,1
16,9,0
16,10,0
16,11,0
16,12,0
16,13,0
16,14,0
16,15,0
16,16,0
16,18,0
16,19,0
16,20,0
16,21,0
16,22,0
16,23,0
16,24,0
16,25,0
16,26,0
16,27,0
16,28,0
16,29,1
16,30,0
16,31,0
16,32,0
16,33,0
16,34,0
16,35,0
16,36,1
16,37,1
16,38,0
16,11,1
16,26,0
17,0,1
17,0,1
17,0,1
17,1,1
17,2,0
17,3,1
17,4,0
17,5,0
17,6,1
17,7,1
17,8,1
17,9,0
17,10,0
17,11,0
17,12,0
17,13,0
17,14,0
17,16,0
17,17,0
17,18,0
17,19,0
17,20,0
17,21,0
17,22,0
17,23,0
17,24,0
17,25,0
17,26,1
17,27,0
17,29,0
17,30,0
17,31,0
17,32,0
17,33,0
17,34,0
17,35,0
17,36,1
17,37,0
17,38,0
17,7,0
17,21,1
17,36,1
18,0,0
18,0,0
18,0,0
18,2,0
18,5,1
18,6,1
18,9,0
18,11,0
18,12,0
18,16,0
18,18,0
18,19,0
18,20,0
18,21,1
18,22,0
18,24,0
18,26,0
18,30,0
18,31,0
18,32,0
18,33,0
18,37,0
18,38,0
19,0,1
19,0,1
19,0,1
19,1,1
19,2,0
19,3,1
19,4,1
19,5,0
19,6,0
19,7,1
19,8,1
19,9,0
19,10,0
19,11,0
19,12,0
19,13,0
19,14,0
19,15,0
19,16,1
19,17,0
19,18,0
19,19,0
19,20,0
19,21,1
19,22,0
19,23,0
19,24,0
19,25,0
19,26,0
19,27,0
19,28,0
19,29,1
19,30,0
19,31,0
19,32,0
19,33,0
19,34,0
19,35,0
19,36,1
19,37,0
19,38,0
19,2,0
19,4,0
19,9,0
19,12,0
19,13,0
19,14,0
19,16,0
19,17,0
19,18,0
19,23,0
19,24,0
19,26,0
19,28,0
19,31,0
19,34,0
19,37,0
20,0,0
20,0,0
20,0,0
20,2,0
20,3,1
20,4,0
20,5,0
20,6,0
20,7,0
20,8,1
20,9,0
20,10,0
20,11,1
20,12,0
20,13,0
20,14,1
20,15,0
20,16,0
20,17,0
20,18,0
20,19,0
20,20,0
20,21,1
20,22,0
20,23,0
20,24,0
20,25,0
20,26,0
20,27,0
20,28,0
20,29,0
20,30,0
20,31,0
20,32,0
20,33,0
20,34,0
20,35,1
20,36,1
20,37,0
20,38,0
21,0,1
21,0,1
21,0,1
21,2,0
21,3,1
21,4,0
21,5,0
21,6,0
21,7,0
21,8,1
21,9,0
21,10,0
21,11,0
21,12,0
21,13,0
21,14,0
21,15,0
21,16,1
21,17,0
21,18,1
21,19,0
21,20,0
21,21,1
21,22,0
21,23,0
21,24,0
21,25,0
21,26,0
21,27,0
21,28,0
21,29,0
21,30,0
21,31,0
21,34,0
21,35,1
21,36,1
21,37,0
21,38,0
22,0,1
22,0,1
22,0,1
22,1,1
22,2,0
22,3,0
22,4,0
22,5,1
22,6,0
22,7,0
22,8,1
22,9,1
22,10,0
22,11,0
22,12,0
22,13,0
22,14,0
22,15,0
22,16,1
22,17,0
22,18,0
22,19,0
22,20,0
22,21,1
22,22,0
22,23,0
22,24,0
22,25,0
22,26,0
22,27,0
22,28,0
22,29,1
22,30,0
22,31,0
22,32,0
22,33,0
22,34,0
22,35,0
22,36,1
22,37,0
22,38,0
23,0,1
23,0,1
23,0,1
23,1,0
23,2,0
23,3,0
23,4,0
23,5,0
23,6,0
23,7,0
23,8,1
23,9,0
23,10,0
23,11,0
23,12,0
23,13,0
23,14,0
23,15,0
23,16,0
23,17,0
23,18,0
23,19,0
23,20,0
23,21,1
23,22,0
23,23,0
23,24,0
23,25,0
23,26,0
23,27,0
23,28,0
23,29,0
23,30,0
23,31,0
23,32,0
23,33,0
23,34,0
23,35,0
23,36,1
23,37,0
23,38,0
23,8,1
24,0,1
24,0,1
24,0,1
24,1,1
24,2,0
24,3,0
24,4,1
24,5,1
24,6,0
24,7,0
24,8,0
24,9,0
24,10,0
24,11,0
24,12,0
24,13,0
24,14,0
24,16,0
24,17,0
24,18,0
24,19,0
24,20,0
24,21,1
24,22,0
24,23,0
24,24,0
24,25,0
24,26,0
24,27,0
24,28,0
24,29,0
24,30,0
24,31,0
24,32,0
24,34,0
24,35,0
24,36,1
24,37,0
24,38,0
24,15,0
25,0,1
25,0,1
25,0,1
25,1,1
25,2,0
25,3,1
25,4,0
25,5,0
25,6,0
25,7,0
25,8,1
25,9,0
25,10,1
25,11,0
25,12,0
25,13,0
25,14,1
25,15,1
25,16,0
25,17,0
25,18,0
25,19,0
25,20,0
25,21,1
25,22,1
25,23,1
25,24,0
25,25,1
25,26,0
25,27,0
25,28,0
25,29,0
25,30,0
25,31,0
25,32,0
25,33,0
25,34,0
25,35,1
25,36,1
25,37,0
25,38,0
25,10,0
25,29,1
26,0,0
26,0,0
26,0,0
26,2,0
26,3,1
26,5,0
26,6,0
26,7,0
26,8,1
26,9,0
26,11,0
26,13,0
26,14,0
26,15,0
26,16,0
26,17,0
26,18,1
26,19,0
26,20,0
26,24,0
26,26,0
26,27,0
26,28,0
26,29,0
26,30,0
26,31,0
26,32,0
26,33,0
26,34,0
26,35,0
26,36,1
26,37,0
26,38,0
26,3,1
26,30,0
27,0,1
27,0,1
27,1,0
27,2,0
27,3,0
27,4,1
27,5,1
27,6,0
27,7,0
27,8,1
27,9,0
27,10,0
27,11,0
27,12,0
27,13,0
27,14,0
27,15,0
27,16,0
27,17,0
27,18,0
27,19,0
27,20,0
27,21,0
27,22,0
27,23,0
27,24,0
27,25,0
27,26,0
27,27,0
27,28,0
27,30,0
27,31,0
27,32,0
27,33,0
27,34,0
27,35,0
27,36,1
27,37,0
27,38,0
28,0,1
28,0,1
28,0,1
28,1,1
28,2,0
28,3,1
28,4,1
28,5,0
28,6,0
28,7,0
28,8,1
28,9,0
28,10,0
28,11,0
28,12,0
28,13,0
28,14,0
28,15,0
28,16,0
28,17,0
28,18,0
28,19,0
28,20,0
28,21,0
28,22,0
28,23,0
28,24,0
28,25,0
28,26,0
28,27,0
28,28,0
28,29,0
28,30,0
28,31,0
28,32,0
28,33,0
28,34,0
28,35,0
28,36,1
28,37,0
28,38,0
28,7,0
29,0,1
29,0,1
29,1,1
29,2,0
29,3,1
29,4,0
29,5,0
29,6,1
29,7,0
29,8,1
29,9,0
29,10,0
29,11,0
29,12,0
29,13,0
29,14,0
29,15,1
29,16,0
29,17,1
29,18,0
29,19,0
29,20,0
29,21,1
29,22,0
29,23,0
29,24,0
29,25,0
29,26,1
29,27,0
29,28,1
29,29,1
29,30,0
29,31,0
29,32,0
29,33,0
29,34,0
29,35,0
29,36,1
29,37,1
29,38,0
30,0,1
30,0,1
30,0,1
30,1,1
30,2,0
30,3,1
30,4,1
30,5,1
30,6,0
30,7,0
30,8,1
30,9,1
30,10,1
30,11,1
30,12,0
30,13,0
30,14,1
30,15,0
30,16,0
30,17,0
30,18,1
30,19,0
30,20,0
30,21,1
30,22,0
30,23,1
30,24,0
30,25,0
30,26,0
30,27,0
30,28,0
30,29,0
30,30,0
30,31,1
30,32,0
30,33,0
30,34,0
30,35,0
30,36,1
30,37,0
30,38,0
30,1,0
31,0,1
31,0,1
31,0,1
31,1,1
31,2,0
31,4,1
31,6,0
31,7,0
31,8,1
31,9,1
31,10,1
31,11,1
31,12,0
31,13,0
31,14,1
31,15,1
31,16,1
31,17,1
31,18,1
31,19,0
31,21,1
31,22,1
31,23,1
31,24,0
31,25,0
31,26,1
31,27,0
31,28,0
31,29,1
31,30,0
31,31,1
31,32,0
31,33,0
31,34,0
31,35,1
31,36,1
31,37,1
31,38,0
31,15,0
31,33,0
32,0,1
32,0,1
32,0,1
32,1,1
32,2,0
32,3,0
32,4,0
32,5,0
32,6,0
32,7,0
32,8,1
32,9,0
32,10,1
32,11,0
32,12,0
32,13,0
32,14,0
32,15,1
32,16,0
32,17,0
32,18,1
32,19,0
32,20,0
32,21,1
32,22,0
32,23,0
32,24,0
32,25,1
32,26,0
32,27,0
32,28,0
32,29,0
32,30,0
32,31,0
32,32,0
32,33,0
32,34,0
32,35,0
32,36,1
32,37,0
32,38,0
32,15,0
32,28,0
33,0,1
33,0,1
33,0,1
33,1,1
33,2,0
33,3,0
33,4,0
33,5,1
33,6,1
33,7,0
33,8,1
33,9,0
33,10,0
33,11,0
33,12,0
33,14,0
33,15,1
33,16,1
33,17,0
33,18,0
33,19,1
33,20,0
33,21,1
33,22,0
33,23,0
33,24,0
33,25,0
33,26,1
33,27,0
33,28,0
33,29,1
33,30,0
33,31,0
33,32,0
33,33,0
33,34,0
33,35,0
33,36,1
33,37,1
33,38,0
33,3,0
33,7,0
33,13,0
33,16,0
33,18,0
33,23,0
33,24,0
33,26,0
33,28,0
33,31,0
33,33,0
33,37,0
33,38,0
34,0,1
34,0,1
34,0,1
34,1,1
34,3,1
34,4,1
34,6,1
34,10,1
34,11,1
34,13,1
34,14,1
34,15,1
34,16,0
34,19,1
34,20,1
34,21,1
34,22,1
34,23,1
34,24,1
34,25,1
34,26,1
34,27,1
34,29,1
34,30,1
34,32,1
34,34,1
34,35,1
34,37,1
34,38,1
35,0,0
35,0,0
35,0,0
35,1,0
35,2,0
35,3,1
35,4,1
35,5,1
35,6,1
35,7,0
35,8,1
35,9,0
35,10,0
35,11,0
35,12,0
35,13,0
35,14,0
35,15,0
35,16,1
35,17,1
35,18,0
35,19,0
35,20,0
35,21,1
35,22,0
35,23,0
35,24,0
35,25,0
35,26,0
35,27,0
35,28,0
35,29,0
35,30,0
35,31,0
35,33,0
35,34,0
35,35,0
35,36,1
35,37,0
35,38,0
36,0,0
36,0,0
36,0,0
36,2,0
36,3,1
36,4,1
36,5,0
36,6,0
36,7,0
36,8,0
36,9,0
36,10,0
36,11,0
36,12,0
36,13,0
36,14,0
36,15,0
36,16,1
36,17,0
36,18,0
36,19,0
36,20,0
36,21,1
36,22,0
36,23,0
36,24,0
36,25,0
36,26,0
36,27,0
36,28,0
36,29,0
36,30,0
36,31,0
36,32,0
36,33,0
36,34,0
36,35,0
36,36,0
36,37,0
36,38,0
36,11,0
37,0,0
37,0,0
37,0,0
37,1,0
37,2,0
37,3,0
37,4,1
37,5,1
37,6,0
37,7,0
37,8,0
37,9,0
37,10,0
37,11,0
37,12,0
37,13,0
37,14,0
37,15,0
37,16,1
37,17,0
37,18,0
37,19,0
37,20,0
37,21,1
37,22,0
37,23,0
37,24,0
37,25,0
37,26,0
37,27,0
37,28,0
37,29,0
37,30,0
37,31,0
37,32,0
37,33,0
37,34,0
37,35,0
37,36,0
37,37,0
37,38,0
37,5,0
37,9,0
37,12,0
37,16,0
37,24,0
37,37,1
38,0,0
38,0,0
38,0,0
38,1,0
38,2,0
38,3,0
38,4,1
38,5,0
38,6,0
38,7,0
38,8,1
38,9,0
38,10,0
38,11,0
38,12,0
38,13,0
38,14,0
38,15,0
38,16,1
38,17,0
38,18,1
38,19,0
38,20,0
38,21,1
38,22,0
38,23,0
38,24,0
38,25,0
38,26,0
38,27,0
38,28,0
38,29,1
38,30,0
38,31,0
38,32,0
38,33,0
38,34,0
38,35,0
38,36,1
38,37,0
38,38,0
39,0,0
39,0,0
39,0,0
39,1,0
39,2,0
39,3,0
39,5,0
39,6,0
39,7,0
39,8,1
39,9,0
39,10,0
39,11,0
39,12,0
39,13,0
39,14,0
39,15,0
39,17,0
39,19,0
39,20,0
39,21,1
39,22,0
39,23,0
39,24,0
39,25,0
39,26,0
39,27,0
39,28,0
39,30,0
39,31,0
39,32,0
39,33,0
39,34,0
39,35,0
39,36,1
39,37,0
39,38,0
40,0,0
40,0,0
40,0,0
40,1,0
40,2,0
40,3,0
40,4,0
40,5,0
40,6,0
40,7,0
40,8,0
40,9,0
40,10,0
40,11,0
40,12,0
40,13,0
40,14,0
40,15,0
40,16,1
40,17,0
40,18,0
40,19,0
40,20,0
40,21,1
40,22,0
40,23,0
40,24,0
40,25,0
40,26,0
40,27,0
40,28,0
40,29,0
40,30,0
40,31,0
40,32,0
40,33,0
40,34,0
40,35,0
40,36,1
40,37,0
40,38,0
40,4,0
40,7,0
40,12,0
40,13,0
40,23,0
40,26,0
40,29,0
40,31,0
40,34,0
40,37,0
41,0,1
41,0,1
41,0,1
41,1,1
41,2,0
41,3,1
41,4,0
41,5,0
41,6,1
41,7,0
41,8,1
41,9,0
41,11,0
41,12,1
41,13,1
41,14,0
41,15,1
41,16,1
41,17,1
41,18,0
41,19,0
41,20,0
41,21,1
41,22,0
41,23,0
41,24,0
41,25,0
41,26,0
41,27,0
41,28,0
41,30,0
41,31,0
41,32,0
41,33,0
41,34,0
41,35,0
41,36,1
41,37,1
41,38,0
41,0,1
42,0,1
42,0,1
42,0,1
42,1,0
42,2,0
42,3,1
42,4,0
42,5,0
42,7,0
42,10,1
42,12,0
42,13,0
42,14,0
42,15,0
42,18,0
42,19,0
42,20,0
42,23,0
42,24,0
42,26,0
42,30,0
42,31,0
42,32,0
42,34,0
42,36,1
42,37,0
42,38,0
42,23,0
43,0,1
43,0,1
43,0,1
43,1,0
43,2,0
43,3,1
43,4,0
43,5,0
43,6,1
43,7,0
43,8,1
43,9,0
43,10,0
43,11,0
43,12,0
43,13,0
43,14,0
43,15,0
43,16,1
43,17,0
43,19,0
43,20,0
43,21,1
43,22,0
43,23,0
43,24,0
43,25,0
43,26,0
43,27,0
43,28,0
43,29,1
43,30,0
43,31,0
43,32,0
43,33,0
43,34,0
43,35,0
43,36,0
43,37,0
43,38,0
44,0,1
44,0,1
44,0,1
44,1,0
44,2,0
44,3,1
44,4,0
44,5,1
44,6,0
44,7,0
44,8,1
44,9,0
44,10,0
44,11,0
44,12,0
44,13,0
44,14,0
44,15,0
44,16,1
44,17,0
44,18,0
44,19,0
44,20,0
44,21,1
44,22,0
44,23,0
44,24,0
44,25,0
44,26,0
44,27,0
44,28,0
44,29,1
44,30,0
44,31,0
44,32,0
44,33,0
44,34,0
44,35,0
44,36,1
44,37,1
44,38,0
44,2,0
44,30,0
45,0,1
45,0,1
45,0,1
45,1,1
45,2,1
45,3,1
45,4,1
45,5,1
45,6,1
45,8,1
45,10,1
45,12,0
45,14,1
45,16,1
45,17,1
45,19,1
45,21,1
45,23,1
45,25,1
45,27,1
45,28,1
45,29,0
45,30,1
45,32,1
45,34,1
45,35,1
45,36,1
45,25,1
46,0,1
46,0,1
46,0,1
46,1,1
46,2,1
46,3,1
46,4,0
46,5,1
46,6,1
46,7,0
46,8,1
46,9,1
46,10,1
46,11,1
46,12,0
46,13,0
46,14,1
46,15,0
46,16,1
46,17,0
46,18,0
46,19,0
46,20,0
46,21,1
46,22,1
46,23,1
46,24,1
46,25,1
46,26,1
46,27,1
46,28,0
46,29,0
46,30,1
46,31,1
46,32,1
46,33,1
46,34,1
46,35,1
46,36,1
46,37,0
46,38,1
46,21,1
46,24,0
47,0,1
47,0,1
47,0,1
47,1,1
47,2,1
47,3,1
47,4,0
47,5,0
47,6,0
47,7,0
47,8,1
47,9,0
47,10,1
47,11,1
47,12,0
47,13,0
47,14,0
47,15,0
47,16,0
47,17,0
47,18,0
47,19,0
47,20,1
47,21,1
47,22,1
47,23,0
47,24,1
47,25,1
47,26,0
47,27,1
47,28,0
47,29,1
47,30,1
47,31,0
47,32,0
47,33,0
47,34,1
47,35,1
47,36,1
47,37,0
47,38,1
47,4,0
47,12,0
47,16,0
47,23,0
47,25,0
47,26,0
47,28,0
47,29,0
47,30,0
47,33,0
47,34,0
48,0,1
48,0,1
48,0,1
48,1,1
48,2,1
48,3,1
48,4,0
48,6,1
48,8,1
48,9,1
48,10,1
48,11,1
48,14,1
48,15,1
48,16,0
48,17,1
48,18,0
48,20,1
48,21,1
48,22,1
48,24,1
48,25,1
48,26,1
48,27,1
48,29,1
48,30,1
48,31,1
48,33,1
48,35,1
48,36,1
48,38,1
48,0,1
48,3,1
48,5,1
48,6,1
48,7,1
48,8,1
48,10,1
48,11,1
48,20,1
48,22,1
48,24,1
48,31,1
48,37,1
49,0,1
49,0,1
49,0,1
49,1,0
49,2,0
49,3,1
49,4,0
49,5,0
49,6,0
49,7,0
49,8,0
49,9,0
49,10,0
49,11,0
49,12,0
49,13,0
49,14,0
49,15,1
49,16,1
49,17,0
49,18,0
49,19,0
49,20,0
49,21,1
49,22,0
49,23,0
49,24,0
49,25,0
49,26,0
49,27,0
49,28,0
49,29,1
49,30,0
49,31,0
49,32,0
49,33,0
49,34,0
49,35,0
49,36,1
49,37,0
49,38,0
50,0,1
50,0,1
50,0,1
50,1,0
50,2,0
50,3,1
50,4,1
50,5,1
50,6,0
50,7,0
50,8,1
50,9,0
50,10,0
50,11,0
50,12,0
50,13,0
50,14,0
50,15,1
50,16,1
50,17,0
50,18,1
50,19,0
50,20,0
50,21,1
50,22,0
50,23,0
50,24,0
50,25,0
50,26,0
50,27,0
50,28,0
50,29,1
50,30,0
50,31,0
50,32,0
50,33,0
50,34,0
50,35,0
50,36,1
50,37,0
50,38,0
50,13,0
51,0,0
51,0,0
51,0,0
51,2,0
51,3,1
51,4,0
51,5,0
51,6,1
51,7,1
51,9,0
51,10,0
51,11,0
51,12,0
51,13,0
51,14,0
51,15,1
51,16,1
51,17,0
51,18,0
51,19,0
51,20,0
51,21,0
51,22,0
51,23,0
51,24,0
51,25,0
51,27,0
51,28,0
51,29,0
51,30,0
51,31,0
51,32,0
51,33,0
51,34,0
51,35,0
51,36,1
51,37,1
51,38,0
51,0,1
51,28,0
52,0,0
52,0,0
52,0,0
52,1,1
52,2,1
52,3,1
52,4,0
52,5,0
52,6,1
52,7,1
52,8,1
52,9,1
52,10,1
52,11,1
52,12,1
52,13,1
52,14,1
52,15,1
52,16,0
52,17,1
52,18,0
52,19,0
52,20,1
52,21,1
52,22,1
52,23,0
52,24,1
52,26,1
52,27,0
52,28,1
52,29,1
52,30,1
52,31,1
52,32,1
52,33,0
52,34,0
52,35,1
52,36,0
52,37,1
52,38,1
53,0,0
53,0,0
53,1,1
53,2,1
53,3,1
53,4,0
53,6,1
53,8,1
53,9,1
53,10,0
53,11,1
53,15,1
53,16,1
53,17,1
53,18,0
53,20,1
53,21,1
53,22,1
53,24,1
53,25,1
53,26,0
53,27,1
53,29,0
53,30,1
53,31,1
53,32,1
53,33,1
53,35,1
53,36,1
53,37,0
53,38,1
53,3,1
53,5,1
53,6,1
53,11,1
53,15,1
53,17,1
53,21,1
53,27,1
53,35,1
53,36,1
54,0,0
54,0,0
54,0,0
54,1,1
54,2,1
54,3,1
54,4,0
54,6,1
54,7,1
54,8,1
54,10,1
54,11,1
54,13,1
54,14,1
54,15,1
54,17,1
54,18,0
54,19,1
54,20,0
54,21,1
54,22,1
54,23,1
54,25,1
54,26,1
54,27,1
54,28,1
54,29,1
54,30,1
54,31,0
54,32,1
54,33,1
54,34,1
54,35,1
54,36,1
54,38,1
54,4,1
54,6,1
54,7,1
54,26,1
54,36,1
55,0,1
55,0,1
55,0,1
55,1,1
55,2,1
55,3,1
55,6,1
55,7,1
55,8,1
55,9,1
55,10,1
55,11,1
55,12,1
55,13,1
55,15,1
55,16,0
55,18,0
55,19,0
55,20,1
55,21,1
55,22,1
55,24,1
55,25,1
55,26,0
55,27,1
55,28,1
55,29,1
55,30,1
55,31,1
55,32,0
55,33,1
55,35,1
55,36,1
55,21,1
55,36,1
56,0,0
56,0,0
56,0,0
56,1,0
56,2,0
56,3,1
56,5,1
56,6,1
56,7,0
56,8,0
56,9,0
56,10,0
56,11,0
56,12,1
56,13,0
56,14,0
56,15,1
56,16,1
56,17,0
56,18,0
56,19,1
56,20,0
56,21,1
56,22,0
56,23,0
56,24,0
56,25,0
56,26,0
56,27,0
56,28,0
56,29,0
56,30,0
56,31,0
56,32,0
56,33,0
56,34,0
56,35,0
56,36,1
56,37,0
56,38,0
56,7,0
56,9,0
56,11,0
56,13,0
56,15,0
56,18,0
56,20,0
56,22,0
56,24,0
56,26,0
56,31,0
56,33,0
56,37,0
56,38,0
57,0,1
57,0,1
57,0,1
57,1,0
57,2,0
57,3,0
57,4,0
57,5,1
57,6,0
57,7,0
57,8,1
57,9,0
57,10,0
57,11,0
57,12,0
57,13,0
57,14,0
57,15,0
57,16,0
57,17,0
57,18,0
57,19,0
57,20,0
57,21,1
57,22,0
57,23,0
57,24,0
57,25,0
57,26,0
57,27,0
57,28,0
57,29,0
57,30,0
57,31,0
57,32,0
57,33,0
57,34,0
57,35,0
57,36,1
57,37,0
57,38,0
57,33,0
58,0,0
58,0,0
58,0,0
58,2,0
58,3,1
58,4,1
58,5,0
58,6,1
58,7,1
58,8,1
58,10,0
58,11,0
58,12,0
58,13,0
58,14,0
58,15,1
58,16,1
58,18,1
58,19,0
58,20,0
58,21,1
58,22,0
58,23,0
58,24,0
58,25,0
58,26,0
58,27,0
58,28,0
58,29,0
58,30,0
58,31,0
58,32,0
58,33,0
58,34,0
58,35,1
58,36,1
58,37,1
58,11,0
59,0,1
59,0,1
59,0,1
59,2,0
59,3,1
59,5,0
59,6,0
59,7,0
59,8,1
59,9,0
59,10,0
59,11,0
59,12,0
59,13,0
59,15,0
59,17,0
59,18,1
59,19,0
59,20,0
59,22,1
59,23,0
59,24,0
59,25,0
59,26,0
59,27,0
59,28,0
59,30,0
59,31,0
59,32,0
59,33,0
59,34,0
59,35,0
59,36,1
59,37,0
59,38,0
59,4,1
59,5,0
59,6,1
59,9,0
59,13,0
59,15,0
59,16,0
59,18,0
59,19,0
59,24,0
59,27,0
59,28,0
59,29,1
59,37,0
59,38,0
60,0,1
60,0,1
60,0,1
60,1,0
60,2,0
60,3,1
60,5,1
60,8,1
60,9,0
60,10,0
60,11,0
60,12,0
60,13,0
60,14,0
60,15,0
60,16,1
60,17,1
60,18,0
60,19,0
60,20,0
60,21,1
60,22,0
60,23,0
60,24,0
60,25,0
60,27,0
60,28,0
60,29,1
60,30,0
60,31,0
60,32,0
60,33,0
60,34,0
60,35,0
60,37,0
60,38,0
60,26,0
60,33,1
61,0,1
61,0,1
61,0,1
61,2,0
61,3,0
61,4,0
61,5,1
61,6,0
61,7,1
61,8,1
61,9,0
61,10,0
61,11,0
61,12,0
61,13,0
61,14,0
61,15,0
61,16,1
61,17,0
61,18,1
61,19,0
61,20,0
61,21,1
61,22,0
61,23,0
61,24,0
61,25,0
61,26,0
61,27,0
61,28,0
61,29,1
61,30,0
61,31,0
61,32,0
61,33,0
61,34,0
61,35,0
61,36,1
61,38,0
61,22,1
61,23,0
61,26,0
62,0,1
62,0,1
62,0,1
62,1,1
62,2,1
62,4,0
62,5,1
62,6,1
62,8,1
62,9,1
62,10,1
62,11,1
62,12,1
62,14,1
62,15,1
62,17,1
62,19,1
62,20,1
62,21,1
62,22,1
62,25,1
62,27,1
62,29,0
62,30,1
62,32,1
62,34,1
62,35,1
62,36,1
62,18,1
63,0,1
63,0,1
63,0,1
63,1,0
63,2,0
63,3,1
63,4,0
63,5,1
63,6,0
63,7,1
63,8,1
63,9,0
63,10,0
63,11,0
63,12,0
63,13,0
63,14,0
63,15,0
63,16,1
63,17,0
63,18,0
63,19,0
63,20,0
63,21,0
63,22,0
63,23,0
63,24,0
63,25,0
63,26,0
63,27,0
63,28,0
63,29,1
63,30,0
63,31,0
63,32,0
63,33,0
63,34,0
63,35,0
63,36,1
63,37,0
63,38,0
63,5,0
63,7,0
63,12,0
63,13,0
63,19,0
63,23,0
63,28,0
63,32,0
63,34,0
63,37,0
64,0,1
64,0,1
64,1,1
64,3,1
64,5,0
64,6,1
64,7,1
64,8,1
64,10,1
64,11,1
64,13,1
64,14,1
64,15,0
64,16,1
64,17,1
64,19,1
64,20,1
64,21,0
64,22,1
64,25,1
64,26,1
64,27,1
64,29,1
64,30,1
64,32,1
64,33,1
64,34,1
64,35,1
64,36,1
64,37,0
64,38,1
64,2,0
64,13,1
65,0,1
65,0,1
65,0,1
65,1,1
65,2,1
65,3,1
65,6,1
65,7,0
65,10,1
65,11,1
65,14,1
65,15,1
65,17,1
65,19,1
65,21,1
65,22,1
65,23,1
65,24,1
65,25,1
65,27,1
65,30,1
65,32,1
65,34,1
65,35,1
65,36,1
65,37,0
65,38,1
65,6,1
65,9,1
66,0,1
66,0,1
66,1,1
66,3,1
66,5,1
66,6,1
66,8,1
66,10,1
66,11,1
66,12,1
66,13,1
66,17,1
66,18,0
66,19,1
66,22,1
66,24,1
66,25,0
66,26,1
66,27,1
66,28,1
66,30,1
66,31,1
66,32,1
66,33,1
66,34,1
66,35,1
66,37,1
66,38,1
66,1,1
66,3,1
66,17,1
67,0,1
67,0,1
67,0,1
67,1,0
67,2,0
67,3,0
67,4,0
67,5,1
67,6,1
67,7,0
67,8,0
67,10,0
67,11,0
67,12,0
67,13,0
67,15,1
67,16,0
67,17,0
67,18,0
67,20,0
67,21,0
67,22,0
67,23,0
67,24,0
67,25,0
67,26,0
67,27,0
67,28,0
67,29,0
67,30,0
67,31,0
67,33,0
67,34,0
67,35,1
67,37,0
67,38,0
67,4,0
67,10,0
67,12,0
67,14,0
67,16,0
67,23,0
67,24,0
67,26,0
67,28,0
67,31,0
67,37,0
68,0,1
68,0,1
68,0,1
68,1,1
68,3,1
68,4,1
68,5,0
68,6,0
68,7,1
68,8,1
68,9,0
68,10,0
68,11,0
68,12,0
68,13,0
68,14,0
68,15,0
68,16,0
68,17,0
68,18,1
68,19,0
68,20,0
68,21,1
68,22,0
68,23,0
68,24,0
68,25,0
68,26,1
68,27,0
68,28,0
68,29,0
68,31,0
68,32,1
68,33,0
68,34,0
68,35,0
68,36,1
68,37,0
68,38,0
69,0,1
69,0,1
69,0,1
69,1,1
69,2,1
69,3,1
69,7,1
69,8,1
69,10,0
69,11,1
69,12,1
69,14,1
69,17,1
69,20,1
69,21,1
69,22,1
69,23,0
69,25,1
69,26,1
69,30,1
69,31,1
69,32,0
69,33,1
69,34,1
69,35,1
69,36,1
70,0,0
70,0,0
70,0,0
70,1,0
70,2,0
70,3,0
70,4,0
70,7,0
70,8,0
70,9,0
70,10,0
70,11,0
70,12,0
70,13,0
70,15,0
70,16,0
70,17,0
70,18,0
70,19,0
70,21,0
70,22,1
70,23,0
70,24,0
70,25,0
70,26,1
70,27,0
70,28,0
70,29,0
70,30,0
70,31,0
70,33,0
70,34,0
70,35,0
70,36,1
70,37,0
70,38,0
71,0,1
71,0,1
71,1,1
71,2,0
71,4,0
71,9,0
71,12,0
71,13,0
71,14,0
71,15,0
71,16,0
71,17,0
71,18,0
71,19,0
71,21,0
71,23,0
71,25,0
71,26,0
71,27,0
71,28,0
71,29,0
71,30,0
71,32,0
71,33,0
71,34,0
71,35,0
71,36,0
71,38,0
71,2,0
71,5,0
71,7,0
71,8,0
71,9,0
71,12,0
71,17,0
71,18,0
71,28,0
71,31,0
71,33,0
71,36,1
72,0,1
72,0,1
72,0,1
72,1,1
72,2,0
72,3,1
72,4,1
72,5,0
72,6,1
72,8,1
72,9,0
72,10,1
72,11,0
72,12,1
72,13,1
72,14,0
72,15,1
72,16,0
72,17,1
72,18,0
72,19,1
72,20,0
72,22,0
72,23,0
72,24,0
72,25,0
72,26,1
72,27,0
72,28,1
72,29,1
72,30,0
72,31,0
72,32,0
72,33,1
72,34,0
72,35,0
72,37,1
72,38,0
72,4,0
72,5,1
72,14,0
72,17,0
72,23,0
72,34,0
72,37,0
72,38,0
73,0,1
73,0,1
73,0,1
73,1,1
73,2,0
73,3,1
73,4,1
73,5,0
73,6,0
73,7,0
73,8,1
73,9,0
73,10,0
73,11,0
73,12,0
73,13,0
73,14,0
73,15,1
73,16,1
73,17,0
73,18,1
73,19,0
73,20,0
73,21,1
73,22,0
73,23,0
73,24,0
73,25,0
73,26,0
73,27,0
73,28,0
73,29,1
73,30,0
73,31,0
73,32,0
73,33,0
73,34,0
73,35,0
73,36,0
73,37,0
73,38,0
73,3,1
73,5,0
73,20,0
74,0,1
74,0,1
74,0,1
74,1,1
74,2,0
74,3,1
74,4,0
74,5,0
74,6,1
74,7,1
74,8,1
74,9,0
74,10,1
74,12,0
74,13,0
74,14,1
74,15,0
74,16,0
74,17,0
74,18,0
74,19,0
74,20,0
74,21,0
74,22,1
74,23,0
74,24,0
74,25,1
74,26,1
74,27,0
74,28,0
74,29,0
74,30,1
74,31,1
74,32,0
74,33,0
74,34,1
74,35,0
74,36,1
74,37,0
74,38,0
74,1,1
74,9,0
74,17,1
74,38,0
75,0,1
75,0,1
75,0,1
75,1,0
75,2,1
75,3,1
75,4,0
75,5,0
75,6,1
75,7,1
75,8,1
75,9,1
75,10,0
75,11,1
75,12,0
75,13,0
75,14,1
75,15,0
75,16,0
75,17,0
75,18,0
75,19,0
75,20,1
75,21,0
75,22,1
75,23,0
75,24,0
75,25,1
75,26,0
75,27,0
75,28,0
75,29,0
75,30,1
75,31,0
75,32,1
75,33,1
75,34,0
75,35,1
75,36,1
75,37,0
75,38,0
75,7,0
75,12,0
75,13,0
75,18,0
75,19,0
75,21,1
75,28,0
75,31,0
75,37,0
75,38,0
76,0,1
76,0,1
76,0,1
76,1,0
76,2,0
76,3,0
76,4,0
76,5,0
76,6,0
76,7,0
76,8,0
76,9,1
76,10,1
76,11,0
76,12,0
76,13,0
76,14,1
76,15,0
76,16,0
76,17,0
76,18,0
76,19,0
76,20,1
76,21,0
76,22,1
76,23,0
76,24,0
76,25,0
76,26,0
76,27,0
76,28,0
76,29,0
76,30,0
76,31,0
76,32,1
76,33,0
76,34,0
76,35,0
76,36,1
76,37,0
76,38,0
77,0,1
77,0,1
77,0,1
77,1,1
77,2,1
77,3,1
77,4,1
77,5,0
77,6,1
77,7,1
77,8,1
77,9,1
77,10,1
77,11,1
77,12,0
77,13,0
77,14,1
77,15,0
77,16,0
77,17,1
77,18,0
77,19,0
77,20,1
77,21,1
77,22,1
77,23,0
77,24,1
77,25,1
77,26,1
77,27,1
77,28,0
77,29,1
77,30,1
77,31,0
77,32,1
77,33,1
77,34,0
77,35,1
77,36,1
77,37,0
77,38,1
77,4,1
77,16,1
77,18,1
77,29,1
78,0,1
78,0,1
78,0,1
78,1,1
78,3,1
78,4,1
78,5,0
78,6,1
78,7,0
78,8,1
78,9,0
78,10,0
78,11,1
78,12,0
78,14,1
78,15,1
78,16,0
78,17,0
78,18,0
78,19,1
78,20,1
78,21,1
78,22,1
78,23,0
78,24,0
78,25,1
78,26,0
78,27,1
78,28,0
78,29,0
78,30,1
78,31,1
78,32,1
78,33,1
78,34,1
78,35,1
78,36,1
78,37,0
78,38,1
78,1,1
78,4,1
78,14,1
78,16,1
78,21,1
78,29,1
79,0,1
79,0,1
79,0,1
79,1,1
79,2,1
79,3,1
79,4,1
79,5,0
79,6,1
79,8,1
79,9,1
79,10,1
79,11,1
79,13,1
79,15,1
79,16,0
79,17,1
79,18,1
79,20,1
79,21,1
79,22,1
79,25,1
79,26,1
79,28,1
79,29,1
79,30,1
79,35,1
79,36,1
79,37,1
79,1,1
79,4,1
79,10,1
79,12,1
79,21,1
79,22,1
79,23,1
79,25,1
80,0,1
80,0,1
80,0,1
80,1,1
80,2,1
80,3,1
80,4,0
80,5,0
80,6,1
80,7,0
80,8,1
80,9,0
80,10,0
80,11,1
80,12,0
80,13,0
80,14,1
80,15,0
80,16,0
80,17,0
80,18,0
80,19,0
80,20,1
80,21,1
80,22,1
80,23,0
80,24,1
80,25,0
80,26,0
80,27,0
80,28,0
80,29,0
80,30,0
80,31,1
80,32,1
80,33,1
80,34,0
80,35,1
80,36,1
80,37,0
80,38,1
80,1,1
81,0,1
81,0,1
81,0,1
81,1,0
81,2,1
81,3,1
81,5,1
81,6,1
81,8,1
81,9,1
81,10,1
81,11,1
81,14,1
81,15,1
81,16,0
81,17,1
81,18,1
81,19,1
81,20,1
81,21,0
81,22,1
81,24,1
81,25,1
81,27,1
81,28,1
81,30,1
81,32,1
81,33,1
81,35,1
81,36,1
81,38,1
81,1,1
81,3,1
81,6,1
81,8,1
81,9,1
81,11,1
81,15,1
81,17,1
81,20,1
81,21,1
81,22,1
81,33,1
82,0,1
82,0,1
82,0,1
82,1,1
82,3,1
82,4,1
82,5,1
82,6,1
82,7,1
82,8,1
82,9,1
82,10,1
82,11,1
82,13,1
82,14,1
82,15,1
82,16,0
82,17,1
82,19,1
82,20,1
82,21,1
82,22,1
82,25,1
82,27,1
82,28,1
82,29,1
82,30,1
82,32,1
82,33,1
82,35,1
82,36,1
82,16,1
82,29,1
83,0,1
83,0,1
83,0,1
83,1,1
83,2,1
83,3,1
83,5,1
83,6,1
83,7,1
83,8,1
83,9,0
83,10,1
83,11,1
83,13,0
83,14,1
83,15,0
83,17,1
83,18,1
83,19,1
83,20,1
83,21,1
83,22,1
83,24,1
83,27,1
83,31,0
83,32,1
83,35,1
83,36,1
83,37,0
83,38,1
84,0,1
84,0,1
84,0,1
84,1,1
84,2,1
84,3,1
84,4,0
84,5,0
84,6,1
84,7,0
84,8,1
84,9,0
84,10,1
84,12,0
84,13,0
84,14,0
84,15,1
84,16,0
84,17,0
84,18,0
84,19,0
84,20,1
84,21,1
84,22,1
84,23,0
84,24,0
84,25,1
84,27,0
84,28,0
84,29,0
84,30,0
84,31,0
84,32,1
84,33,0
84,34,0
84,35,1
84,36,1
84,37,0
84,38,0
84,7,0
84,12,0
84,14,0
84,19,0
84,23,0
84,24,0
84,27,0
84,31,0
84,32,0
84,33,0
84,34,0
84,38,0
85,0,1
85,0,1
85,0,1
85,3,1
85,4,0
85,5,0
85,7,0
85,12,0
85,14,0
85,16,0
85,18,0
85,19,0
85,22,1
85,24,0
85,26,0
85,27,0
85,28,0
85,30,0
85,31,0
85,33,0
85,34,0
85,36,0
85,37,0
85,38,0
86,0,1
86,0,1
86,0,1
86,2,0
86,4,0
86,5,0
86,7,0
86,10,0
86,12,0
86,13,0
86,14,0
86,16,0
86,18,0
86,19,0
86,23,0
86,24,0
86,25,0
86,26,1
86,27,0
86,28,0
86,29,0
86,30,0
86,31,0
86,32,0
86,34,0
86,35,1
86,36,0
86,37,0
86,38,0
86,1,1
86,32,0
86,33,0
87,0,1
87,0,1
87,0,1
87,1,1
87,2,0
87,4,0
87,7,0
87,8,1
87,9,0
87,10,0
87,12,0
87,13,0
87,14,0
87,16,0
87,18,0
87,19,0
87,20,0
87,22,1
87,23,0
87,24,1
87,25,0
87,26,0
87,28,0
87,29,0
87,30,0
87,31,0
87,32,0
87,33,0
87,34,0
87,37,0
87,38,0
87,7,0
87,10,0
87,12,0
87,19,0
87,23,0
87,27,0
87,28,0
87,30,0
87,31,0
87,36,1
88,0,1
88,0,1
88,0,1
88,1,1
88,2,0
88,3,1
88,4,0
88,5,1
88,6,1
88,7,1
88,8,1
88,9,1
88,10,0
88,11,1
88,12,0
88,13,0
88,14,0
88,15,1
88,16,0
88,17,1
88,18,0
88,19,0
88,20,1
88,21,0
88,24,0
88,25,1
88,27,1
88,28,0
88,29,1
88,30,0
88,31,0
88,32,0
88,33,0
88,34,0
88,35,1
88,36,1
88,37,0
88,38,0
89,0,1
89,0,1
89,0,1
89,1,1
89,3,1
89,5,1
89,6,1
89,7,1
89,8,1
89,10,1
89,11,1
89,15,1
89,19,0
89,20,1
89,21,1
89,22,1
89,25,1
89,27,1
89,29,1
89,30,1
89,32,1
89,33,1
89,35,1
89,36,1
89,38,1
89,9,1
89,14,1
89,19,1
89,32,1
89,36,1
90,0,1
90,0,1
90,0,1
90,1,1
90,2,0
90,3,1
90,4,0
90,5,1
90,6,1
90,7,0
90,8,1
90,9,1
90,10,0
90,11,1
90,12,0
90,13,0
90,14,0
90,15,1
90,16,0
90,17,1
90,18,0
90,19,0
90,20,1
90,21,1
90,22,1
90,23,0
90,24,0
90,25,0
90,27,1
90,28,0
90,29,1
90,30,0
90,31,0
90,32,1
90,34,0
90,35,1
90,36,1
90,37,0
90,38,0
90,1,1
90,37,0
91,0,0
91,0,0
91,0,0
91,1,1
91,2,0
91,3,1
91,4,0
91,5,0
91,6,1
91,7,1
91,9,0
91,10,0
91,11,0
91,12,0
91,13,0
91,14,0
91,15,1
91,16,1
91,17,0
91,18,1
91,19,0
91,20,0
91,21,1
91,22,0
91,23,0
91,24,0
91,25,0
91,26,1
91,27,0
91,28,0
91,29,1
91,30,0
91,31,0
91,32,0
91,33,0
91,34,0
91,35,0
91,36,1
91,37,0
91,38,0
91,6,0
92,0,1
92,0,1
92,0,1
92,1,1
92,2,1
92,3,1
92,5,1
92,6,1
92,7,0
92,8,1
92,9,1
92,11,1
92,13,1
92,15,1
92,17,1
92,18,0
92,19,1
92,20,1
92,21,1
92,22,1
92,25,1
92,27,1
92,29,0
92,30,1
92,32,1
92,33,1
92,34,1
92,35,1
92,36,1
92,38,1
93,0,1
93,0,1
93,3,0
93,4,0
93,5,0
93,7,0
93,8,1
93,9,0
93,10,0
93,12,0
93,14,0
93,16,0
93,17,0
93,18,0
93,19,0
93,22,1
93,23,0
93,25,0
93,26,0
93,27,0
93,29,0
93,30,0
93,31,0
93,33,0
93,34,0
93,36,1
93,37,0
93,38,0
93,8,1
94,0,1
94,0,1
94,0,1
94,1,0
94,2,0
94,4,0
94,5,0
94,6,0
94,7,0
94,8,1
94,9,0
94,10,0
94,11,0
94,12,0
94,13,0
94,14,0
94,15,0
94,16,0
94,17,0
94,18,0
94,19,0
94,20,0
94,21,1
94,22,1
94,23,0
94,24,0
94,25,0
94,26,0
94,27,0
94,28,0
94,29,0
94,31,0
94,32,0
94,33,0
94,34,0
94,35,1
94,36,1
94,37,0
94,38,0
94,0,1
94,2,0
94,4,0
94,9,0
94,12,0
94,18,0
94,23,0
94,24,0
94,28,0
94,31,0
95,0,1
95,0,1
95,0,1
95,1,1
95,2,1
95,3,1
95,4,0
95,6,1
95,7,1
95,8,1
95,10,1
95,11,1
95,14,1
95,15,1
95,16,0
95,17,0
95,20,1
95,21,1
95,22,1
95,25,1
95,29,0
95,30,1
95,32,1
95,35,1
95,38,1
95,1,1
95,2,1
95,6,1
95,8,1
95,9,1
95,10,1
95,11,1
95,13,1
95,15,1
95,17,1
95,20,1
95,21,1
95,23,1
95,25,1
95,29,1
95,32,1
95,35,1
96,0,1
96,0,1
96,0,1
96,1,0
96,2,0
96,3,1
96,4,0
96,5,0
96,6,1
96,7,0
96,8,1
96,9,1
96,10,0
96,11,1
96,12,0
96,13,0
96,14,0
96,15,0
96,16,0
96,17,0
96,18,0
96,19,0
96,20,1
96,21,1
96,22,1
96,23,0
96,24,1
96,25,0
96,26,0
96,27,0
96,28,0
96,29,0
96,30,1
96,31,0
96,32,0
96,33,0
96,34,0
96,35,1
96,36,1
96,37,0
96,38,0
96,5,0
96,9,0
96,12,0
96,13,0
96,15,0
96,19,0
96,23,0
96,24,0
96,26,0
96,28,0
96,31,0
96,32,0
96,34,0
96,37,0
96,38,0
97,0,1
97,0,1
97,0,1
97,1,0
97,2,0
97,3,1
97,4,0
97,5,0
97,6,1
97,7,0
97,8,1
97,9,0
97,10,1
97,11,1
97,12,0
97,13,0
97,14,1
97,15,0
97,16,0
97,17,0
97,18,0
97,19,0
97,20,0
97,21,1
97,22,1
97,23,0
97,24,1
97,25,1
97,26,0
97,27,0
97,28,0
97,29,0
97,30,1
97,31,0
97,32,1
97,33,0
97,34,0
97,35,1
97,36,1
97,37,0
97,38,0
97,4,0
97,5,1
97,8,1
97,9,0
97,12,0
97,13,0
97,16,0
97,18,0
97,20,0
97,26,0
97,28,0
97,29,0
97,31,0
97,33,0
98,0,1
98,0,1
98,0,1
98,1,0
98,2,0
98,3,1
98,4,1
98,5,1
98,6,1
98,7,0
98,8,1
98,9,1
98,10,1
98,11,0
98,12,1
98,13,0
98,14,1
98,15,0
98,16,0
98,17,0
98,18,0
98,19,0
98,20,0
98,21,1
98,22,0
98,24,0
98,25,0
98,26,0
98,27,0
98,28,0
98,29,0
98,30,1
98,31,1
98,32,0
98,33,0
98,34,0
98,35,1
98,36,1
98,37,0
98,38,0
98,3,1
98,7,0
98,9,0
98,12,0
98,14,0
98,16,0
98,18,0
98,22,0
98,23,0
98,24,0
98,26,0
98,28,0
98,31,0
98,32,0
98,33,0
98,37,0
98,38,0
99,0,1
99,0,1
99,0,1
99,1,1
99,2,1
99,3,1
99,4,1
99,5,0
99,6,1
99,7,0
99,9,0
99,10,1
99,11,0
99,12,0
99,13,0
99,14,1
99,15,0
99,16,1
99,17,0
99,18,0
99,19,0
99,20,1
99,21,1
99,22,0
99,23,0
99,24,0
99,25,1
99,26,0
99,27,0
99,28,0
99,29,1
99,30,0
99,31,0
99,32,0
99,33,0
99,34,0
99,35,1
99,36,1
99,37,0
99,38,0
99,5,0
99,9,0
99,12,0
99,17,0
99,18,0
99,19,0
99,23,0
99,28,0
99,31,0
99,34,0
99,37,0
100,0,1
100,0,1
100,0,1
100,1,1
100,2,1
100,3,1
100,4,0
100,6,1
100,7,1
100,8,1
100,10,1
100,11,1
100,13,1
100,14,1
100,15,1
100,16,0
100,20,1
100,21,1
100,22,1
100,24,1
100,25,1
100,26,1
100,27,1
100,29,0
100,30,1
100,32,1
100,33,1
100,35,1
100,36,1
100,38,1
100,0,1
100,1,1
100,2,1
100,6,1
100,11,1
100,13,1
100,15,1
100,20,1
100,21,1
100,24,1
100,28,1
100,32,1
100,35,1
101,0,1
101,0,1
101,0,1
101,1,1
101,2,1
101,3,1
101,4,0
101,5,0
101,6,1
101,8,1
101,9,1
101,10,1
101,11,1
101,14,1
101,15,1
101,16,0
101,17,1
101,20,1
101,22,1
101,23,1
101,24,1
101,25,1
101,26,1
101,27,1
101,29,1
101,30,1
101,32,1
101,33,1
101,34,1
101,35,1
101,36,0
102,0,1
102,0,1
102,0,1
102,1,0
102,2,0
102,3,0
102,4,0
102,5,0
102,7,0
102,8,0
102,10,0
102,11,0
102,12,0
102,13,0
102,14,0
102,15,0
102,16,1
102,17,0
102,18,1
102,19,0
102,20,0
102,21,1
102,22,0
102,23,0
102,24,0
102,25,0
102,26,0
102,27,0
102,28,0
102,29,0
102,30,0
102,31,0
102,32,0
102,33,0
102,34,0
102,35,0
102,36,1
102,37,0
102,38,0
102,4,0
103,0,1
103,0,1
103,0,1
103,1,1
103,2,1
103,3,1
103,4,0
103,5,1
103,6,1
103,8,1
103,9,1
103,11,1
103,13,1
103,14,1
103,15,0
103,16,0
103,17,1
103,18,0
103,20,1
103,21,1
103,22,1
103,24,1
103,25,1
103,26,1
103,29,1
103,32,1
103,33,1
103,34,1
103,35,1
103,37,0
103,38,1
103,1,1
103,8,1
103,26,1
104,0,1
104,0,1
104,0,1
104,1,1
104,2,1
104,3,1
104,4,1
104,6,1
104,7,1
104,8,1
104,10,1
104,11,1
104,14,1
104,16,0
104,17,1
104,18,0
104,20,1
104,21,1
104,22,1
104,25,1
104,27,1
104,29,1
104,30,0
104,33,1
104,35,1
104,36,1
104,5,1
104,6,1
104,14,1
104,20,1
104,32,1
105,0,0
105,0,0
105,0,0
105,1,0
105,2,0
105,3,0
105,4,0
105,5,0
105,6,1
105,7,0
105,8,0
105,9,0
105,10,0
105,11,1
105,12,0
105,13,0
105,14,1
105,16,0
105,17,0
105,18,0
105,19,1
105,20,1
105,21,0
105,22,1
105,23,0
105,24,0
105,25,0
105,26,0
105,27,0
105,28,0
105,29,0
105,30,0
105,31,0
105,32,1
105,33,0
105,34,0
105,35,0
105,36,0
105,37,0
105,38,0
105,0,1
105,29,0
106,0,1
106,0,1
106,2,1
106,3,1
106,6,1
106,8,1
106,9,1
106,10,1
106,11,1
106,14,1
106,16,1
106,17,1
106,18,1
106,20,1
106,22,1
106,24,1
106,25,1
106,26,0
106,27,1
106,28,0
106,29,0
106,30,1
106,33,1
106,35,1
106,36,1
107,0,1
107,0,1
107,0,1
107,1,1
107,2,1
107,3,1
107,4,0
107,5,1
107,6,1
107,7,1
107,8,1
107,9,1
107,10,1
107,11,1
107,12,0
107,13,1
107,14,1
107,15,0
107,16,0
107,17,1
107,18,0
107,19,0
107,20,1
107,22,1
107,23,0
107,25,1
107,26,1
107,27,0
107,28,0
107,29,1
107,30,1
107,31,0
107,32,1
107,33,0
107,34,0
107,35,1
107,36,1
107,37,0
107,38,1
107,6,1
107,8,1
107,9,1
107,11,1
107,16,1
107,17,1
107,21,1
107,22,1
107,25,1
107,27,1
107,28,1
107,29,1
107,33,1
107,35,1
